<div>                        <script type="text/javascript">window.PlotlyConfig = {MathJaxConfig: 'local'};</script>
        <script src="https://cdn.plot.ly/plotly-2.12.1.min.js"></script>                <div id="9c5bcebf-d84a-4da1-9e1a-d55d5e348a99" class="plotly-graph-div" style="height:100%; width:100%;"></div>            <script type="text/javascript">                                    window.PLOTLYENV=window.PLOTLYENV || {};                                    if (document.getElementById("9c5bcebf-d84a-4da1-9e1a-d55d5e348a99")) {                    Plotly.newPlot(                        "9c5bcebf-d84a-4da1-9e1a-d55d5e348a99",                        [{"coloraxis":"coloraxis","name":"0","x":["high Temp.\u00a0(\u00b0C)","avg Temp.\u00a0(\u00b0C)","low Temp.\u00a0(\u00b0C)","high Dew Point\u00a0(\u00b0C)","avg Dew Point\u00a0(\u00b0C)","low Dew Point\u00a0(\u00b0C)","high Humidity\u00a0(%)","avg Humidity\u00a0(%)","low Humidity\u00a0(%)","high Sea Level Press.\u00a0(hPa)","avg Sea Level Press.\u00a0(hPa)","low Sea Level Press.\u00a0(hPa)","high Visibility\u00a0(km)","avg Visibility\u00a0(km)","low Visibility\u00a0(km)","high Wind\u00a0(km/h)","avg Wind\u00a0(km/h)","sum Precip.\u00a0(mm)"],"y":["high Temp.\u00a0(\u00b0C)","avg Temp.\u00a0(\u00b0C)","low Temp.\u00a0(\u00b0C)","high Dew Point\u00a0(\u00b0C)","avg Dew Point\u00a0(\u00b0C)","low Dew Point\u00a0(\u00b0C)","high Humidity\u00a0(%)","avg Humidity\u00a0(%)","low Humidity\u00a0(%)","high Sea Level Press.\u00a0(hPa)","avg Sea Level Press.\u00a0(hPa)","low Sea Level Press.\u00a0(hPa)","high Visibility\u00a0(km)","avg Visibility\u00a0(km)","low Visibility\u00a0(km)","high Wind\u00a0(km/h)","avg Wind\u00a0(km/h)","sum Precip.\u00a0(mm)"],"z":[[1.0,0.9766576456250318,0.8881098268701789,0.8560985154339267,0.8581289024434247,0.8432483126913208,-0.39443007524355894,-0.6426442340395827,-0.6530284316586294,-0.2536170816865934,-0.15090338731051456,-0.08846240803024691,0.45141200237007884,0.5807345228473823,0.43360961062106745,-0.08167344201909973,-0.19995104008652081,-0.0590888530598029],[0.9766576456250318,1.0,0.962071673762391,0.9133732665326437,0.9213606024501718,0.9097709919675957,-0.3783299737253232,-0.5622692771299647,-0.5530887402396306,-0.30895699390578013,-0.20327446922097772,-0.13528260742770287,0.4516340527403911,0.5137680509868882,0.3829095877176085,-0.02053325082827296,-0.11892051949779825,-0.009993927199749366],[0.8881098268701789,0.962071673762391,1.0,0.9297640251746181,0.9446817936795705,0.93831200903893,-0.33313723907727294,-0.42464776109093133,-0.3897618658129559,-0.36548198686562555,-0.2612165929746761,-0.19003644603493627,0.42469408115485124,0.3944352071350757,0.29431681163554935,0.054928698500701575,-0.007973743682594198,0.05251271419942548],[0.8560985154339267,0.9133732665326437,0.9297640251746181,1.0,0.9786039664567171,0.9406912182083458,-0.08742591703953675,-0.23355807206297133,-0.2622917134753152,-0.3558413686590393,-0.26467944951031486,-0.19270756971374528,0.4116669731962934,0.28308732894548405,0.13730313578396253,0.01997470044517026,-0.09662382101049147,0.13264156277414377],[0.8581289024434247,0.9213606024501718,0.9446817936795705,0.9786039664567171,1.0,0.9795910675657536,-0.09492553697383041,-0.21455029331367348,-0.23122506730956902,-0.32925621964730606,-0.2290995330806884,-0.15841894784444002,0.37906947849364253,0.27439031749928416,0.14102071816407977,-0.028561439535938794,-0.12098409280039875,0.10850382461189836],[0.8432483126913208,0.9097709919675957,0.93831200903893,0.9406912182083458,0.9795910675657536,1.0,-0.11173267948537956,-0.21843997959425443,-0.22139294126269016,-0.30353938217324056,-0.19963053682489373,-0.13356201322288383,0.35769704969899674,0.2821409499930924,0.15777854541488356,-0.0673159245299125,-0.13876579712822174,0.07323317123384625],[-0.39443007524355894,-0.3783299737253232,-0.33313723907727294,-0.08742591703953675,-0.09492553697383041,-0.11173267948537956,1.0,0.7849552838676248,0.5648624718961665,0.0609132321706438,0.018209224588299447,0.005438309550132794,-0.1812291332282985,-0.5352605002352753,-0.6506029572283278,-0.10484543119035951,-0.16228468326426812,0.2162223321522045],[-0.6426442340395827,-0.5622692771299647,-0.42464776109093133,-0.23355807206297133,-0.21455029331367348,-0.21843997959425443,0.7849552838676248,1.0,0.9131063394194447,0.08845258157432033,0.03415028424062864,0.014300830802069092,-0.372544677233849,-0.7482066151437875,-0.7050639783446685,-0.03558590831854344,0.009023877587034353,0.2634976699354806],[-0.6530284316586294,-0.5530887402396306,-0.3897618658129559,-0.2622917134753152,-0.23122506730956902,-0.22139294126269016,0.5648624718961665,0.9131063394194447,1.0,0.12515844512580324,0.06961881516642143,0.04123810411068923,-0.4528170673930401,-0.7116081188373004,-0.6080808524330231,-0.002123303129214867,0.08194388496738728,0.20339115291101106],[-0.2536170816865934,-0.30895699390578013,-0.36548198686562555,-0.3558413686590393,-0.32925621964730606,-0.30353938217324056,0.0609132321706438,0.08845258157432033,0.12515844512580324,1.0,0.9645919592886978,0.8993219175471868,-0.4114019373917699,-0.15995788767393845,-0.09189951584178065,-0.485558321051111,-0.3711582387867568,-0.3598488666724774],[-0.15090338731051456,-0.20327446922097772,-0.2612165929746761,-0.26467944951031486,-0.2290995330806884,-0.19963053682489373,0.018209224588299447,0.03415028424062864,0.06961881516642143,0.9645919592886978,1.0,0.9738482708148763,-0.38639680944388954,-0.12518578993999585,-0.06078748428118777,-0.5657527513913435,-0.443094835871252,-0.4111096682681068],[-0.08846240803024691,-0.13528260742770287,-0.19003644603493627,-0.19270756971374528,-0.15841894784444002,-0.13356201322288383,0.005438309550132794,0.014300830802069092,0.04123810411068923,0.8993219175471868,0.9738482708148763,1.0,-0.3670605663977091,-0.11661238296091513,-0.06397056164864343,-0.607127710878925,-0.48460948170456786,-0.42039626614983033],[0.45141200237007884,0.4516340527403911,0.42469408115485124,0.4116669731962934,0.37906947849364253,0.35769704969899674,-0.1812291332282985,-0.372544677233849,-0.4528170673930401,-0.4114019373917699,-0.38639680944388954,-0.3670605663977091,1.0,0.6262742966737227,0.4045409736422235,0.3216922850697407,0.2552312279197179,0.12073061611234935],[0.5807345228473823,0.5137680509868882,0.3944352071350757,0.28308732894548405,0.27439031749928416,0.2821409499930924,-0.5352605002352753,-0.7482066151437875,-0.7116081188373004,-0.15995788767393845,-0.12518578993999585,-0.11661238296091513,0.6262742966737227,1.0,0.7977954077412877,0.05507353910786744,-0.014991158076562676,-0.18133741895763544],[0.43360961062106745,0.3829095877176085,0.29431681163554935,0.13730313578396253,0.14102071816407977,0.15777854541488356,-0.6506029572283278,-0.7050639783446685,-0.6080808524330231,-0.09189951584178065,-0.06078748428118777,-0.06397056164864343,0.4045409736422235,0.7977954077412877,1.0,0.0526748102481308,0.03268744306153669,-0.2855697923744534],[-0.08167344201909973,-0.02053325082827296,0.054928698500701575,0.01997470044517026,-0.028561439535938794,-0.0673159245299125,-0.10484543119035951,-0.03558590831854344,-0.002123303129214867,-0.485558321051111,-0.5657527513913435,-0.607127710878925,0.3216922850697407,0.05507353910786744,0.0526748102481308,1.0,0.8178524733121798,0.38049951015596933],[-0.19995104008652081,-0.11892051949779825,-0.007973743682594198,-0.09662382101049147,-0.12098409280039875,-0.13876579712822174,-0.16228468326426812,0.009023877587034353,0.08194388496738728,-0.3711582387867568,-0.443094835871252,-0.48460948170456786,0.2552312279197179,-0.014991158076562676,0.03268744306153669,0.8178524733121798,1.0,0.2991621355356555],[-0.0590888530598029,-0.009993927199749366,0.05251271419942548,0.13264156277414377,0.10850382461189836,0.07323317123384625,0.2162223321522045,0.2634976699354806,0.20339115291101106,-0.3598488666724774,-0.4111096682681068,-0.42039626614983033,0.12073061611234935,-0.18133741895763544,-0.2855697923744534,0.38049951015596933,0.2991621355356555,1.0]],"type":"heatmap","xaxis":"x","yaxis":"y","hovertemplate":"x: %{x}<br>y: %{y}<br>Productivity: %{z}<extra></extra>"}],                        {"template":{"data":{"histogram2dcontour":[{"type":"histogram2dcontour","colorbar":{"outlinewidth":0,"ticks":""},"colorscale":[[0.0,"#0d0887"],[0.1111111111111111,"#46039f"],[0.2222222222222222,"#7201a8"],[0.3333333333333333,"#9c179e"],[0.4444444444444444,"#bd3786"],[0.5555555555555556,"#d8576b"],[0.6666666666666666,"#ed7953"],[0.7777777777777778,"#fb9f3a"],[0.8888888888888888,"#fdca26"],[1.0,"#f0f921"]]}],"choropleth":[{"type":"choropleth","colorbar":{"outlinewidth":0,"ticks":""}}],"histogram2d":[{"type":"histogram2d","colorbar":{"outlinewidth":0,"ticks":""},"colorscale":[[0.0,"#0d0887"],[0.1111111111111111,"#46039f"],[0.2222222222222222,"#7201a8"],[0.3333333333333333,"#9c179e"],[0.4444444444444444,"#bd3786"],[0.5555555555555556,"#d8576b"],[0.6666666666666666,"#ed7953"],[0.7777777777777778,"#fb9f3a"],[0.8888888888888888,"#fdca26"],[1.0,"#f0f921"]]}],"heatmap":[{"type":"heatmap","colorbar":{"outlinewidth":0,"ticks":""},"colorscale":[[0.0,"#0d0887"],[0.1111111111111111,"#46039f"],[0.2222222222222222,"#7201a8"],[0.3333333333333333,"#9c179e"],[0.4444444444444444,"#bd3786"],[0.5555555555555556,"#d8576b"],[0.6666666666666666,"#ed7953"],[0.7777777777777778,"#fb9f3a"],[0.8888888888888888,"#fdca26"],[1.0,"#f0f921"]]}],"heatmapgl":[{"type":"heatmapgl","colorbar":{"outlinewidth":0,"ticks":""},"colorscale":[[0.0,"#0d0887"],[0.1111111111111111,"#46039f"],[0.2222222222222222,"#7201a8"],[0.3333333333333333,"#9c179e"],[0.4444444444444444,"#bd3786"],[0.5555555555555556,"#d8576b"],[0.6666666666666666,"#ed7953"],[0.7777777777777778,"#fb9f3a"],[0.8888888888888888,"#fdca26"],[1.0,"#f0f921"]]}],"contourcarpet":[{"type":"contourcarpet","colorbar":{"outlinewidth":0,"ticks":""}}],"contour":[{"type":"contour","colorbar":{"outlinewidth":0,"ticks":""},"colorscale":[[0.0,"#0d0887"],[0.1111111111111111,"#46039f"],[0.2222222222222222,"#7201a8"],[0.3333333333333333,"#9c179e"],[0.4444444444444444,"#bd3786"],[0.5555555555555556,"#d8576b"],[0.6666666666666666,"#ed7953"],[0.7777777777777778,"#fb9f3a"],[0.8888888888888888,"#fdca26"],[1.0,"#f0f921"]]}],"surface":[{"type":"surface","colorbar":{"outlinewidth":0,"ticks":""},"colorscale":[[0.0,"#0d0887"],[0.1111111111111111,"#46039f"],[0.2222222222222222,"#7201a8"],[0.3333333333333333,"#9c179e"],[0.4444444444444444,"#bd3786"],[0.5555555555555556,"#d8576b"],[0.6666666666666666,"#ed7953"],[0.7777777777777778,"#fb9f3a"],[0.8888888888888888,"#fdca26"],[1.0,"#f0f921"]]}],"mesh3d":[{"type":"mesh3d","colorbar":{"outlinewidth":0,"ticks":""}}],"scatter":[{"fillpattern":{"fillmode":"overlay","size":10,"solidity":0.2},"type":"scatter"}],"parcoords":[{"type":"parcoords","line":{"colorbar":{"outlinewidth":0,"ticks":""}}}],"scatterpolargl":[{"type":"scatterpolargl","marker":{"colorbar":{"outlinewidth":0,"ticks":""}}}],"bar":[{"error_x":{"color":"#2a3f5f"},"error_y":{"color":"#2a3f5f"},"marker":{"line":{"color":"#E5ECF6","width":0.5},"pattern":{"fillmode":"overlay","size":10,"solidity":0.2}},"type":"bar"}],"scattergeo":[{"type":"scattergeo","marker":{"colorbar":{"outlinewidth":0,"ticks":""}}}],"scatterpolar":[{"type":"scatterpolar","marker":{"colorbar":{"outlinewidth":0,"ticks":""}}}],"histogram":[{"marker":{"pattern":{"fillmode":"overlay","size":10,"solidity":0.2}},"type":"histogram"}],"scattergl":[{"type":"scattergl","marker":{"colorbar":{"outlinewidth":0,"ticks":""}}}],"scatter3d":[{"type":"scatter3d","line":{"colorbar":{"outlinewidth":0,"ticks":""}},"marker":{"colorbar":{"outlinewidth":0,"ticks":""}}}],"scattermapbox":[{"type":"scattermapbox","marker":{"colorbar":{"outlinewidth":0,"ticks":""}}}],"scatterternary":[{"type":"scatterternary","marker":{"colorbar":{"outlinewidth":0,"ticks":""}}}],"scattercarpet":[{"type":"scattercarpet","marker":{"colorbar":{"outlinewidth":0,"ticks":""}}}],"carpet":[{"aaxis":{"endlinecolor":"#2a3f5f","gridcolor":"white","linecolor":"white","minorgridcolor":"white","startlinecolor":"#2a3f5f"},"baxis":{"endlinecolor":"#2a3f5f","gridcolor":"white","linecolor":"white","minorgridcolor":"white","startlinecolor":"#2a3f5f"},"type":"carpet"}],"table":[{"cells":{"fill":{"color":"#EBF0F8"},"line":{"color":"white"}},"header":{"fill":{"color":"#C8D4E3"},"line":{"color":"white"}},"type":"table"}],"barpolar":[{"marker":{"line":{"color":"#E5ECF6","width":0.5},"pattern":{"fillmode":"overlay","size":10,"solidity":0.2}},"type":"barpolar"}],"pie":[{"automargin":true,"type":"pie"}]},"layout":{"autotypenumbers":"strict","colorway":["#636efa","#EF553B","#00cc96","#ab63fa","#FFA15A","#19d3f3","#FF6692","#B6E880","#FF97FF","#FECB52"],"font":{"color":"#2a3f5f"},"hovermode":"closest","hoverlabel":{"align":"left"},"paper_bgcolor":"white","plot_bgcolor":"#E5ECF6","polar":{"bgcolor":"#E5ECF6","angularaxis":{"gridcolor":"white","linecolor":"white","ticks":""},"radialaxis":{"gridcolor":"white","linecolor":"white","ticks":""}},"ternary":{"bgcolor":"#E5ECF6","aaxis":{"gridcolor":"white","linecolor":"white","ticks":""},"baxis":{"gridcolor":"white","linecolor":"white","ticks":""},"caxis":{"gridcolor":"white","linecolor":"white","ticks":""}},"coloraxis":{"colorbar":{"outlinewidth":0,"ticks":""}},"colorscale":{"sequential":[[0.0,"#0d0887"],[0.1111111111111111,"#46039f"],[0.2222222222222222,"#7201a8"],[0.3333333333333333,"#9c179e"],[0.4444444444444444,"#bd3786"],[0.5555555555555556,"#d8576b"],[0.6666666666666666,"#ed7953"],[0.7777777777777778,"#fb9f3a"],[0.8888888888888888,"#fdca26"],[1.0,"#f0f921"]],"sequentialminus":[[0.0,"#0d0887"],[0.1111111111111111,"#46039f"],[0.2222222222222222,"#7201a8"],[0.3333333333333333,"#9c179e"],[0.4444444444444444,"#bd3786"],[0.5555555555555556,"#d8576b"],[0.6666666666666666,"#ed7953"],[0.7777777777777778,"#fb9f3a"],[0.8888888888888888,"#fdca26"],[1.0,"#f0f921"]],"diverging":[[0,"#8e0152"],[0.1,"#c51b7d"],[0.2,"#de77ae"],[0.3,"#f1b6da"],[0.4,"#fde0ef"],[0.5,"#f7f7f7"],[0.6,"#e6f5d0"],[0.7,"#b8e186"],[0.8,"#7fbc41"],[0.9,"#4d9221"],[1,"#276419"]]},"xaxis":{"gridcolor":"white","linecolor":"white","ticks":"","title":{"standoff":15},"zerolinecolor":"white","automargin":true,"zerolinewidth":2},"yaxis":{"gridcolor":"white","linecolor":"white","ticks":"","title":{"standoff":15},"zerolinecolor":"white","automargin":true,"zerolinewidth":2},"scene":{"xaxis":{"backgroundcolor":"#E5ECF6","gridcolor":"white","linecolor":"white","showbackground":true,"ticks":"","zerolinecolor":"white","gridwidth":2},"yaxis":{"backgroundcolor":"#E5ECF6","gridcolor":"white","linecolor":"white","showbackground":true,"ticks":"","zerolinecolor":"white","gridwidth":2},"zaxis":{"backgroundcolor":"#E5ECF6","gridcolor":"white","linecolor":"white","showbackground":true,"ticks":"","zerolinecolor":"white","gridwidth":2}},"shapedefaults":{"line":{"color":"#2a3f5f"}},"annotationdefaults":{"arrowcolor":"#2a3f5f","arrowhead":0,"arrowwidth":1},"geo":{"bgcolor":"white","landcolor":"#E5ECF6","subunitcolor":"white","showland":true,"showlakes":true,"lakecolor":"white"},"title":{"x":0.05},"mapbox":{"style":"light"}}},"xaxis":{"anchor":"y","domain":[0.0,1.0],"scaleanchor":"y","constrain":"domain","side":"top"},"yaxis":{"anchor":"x","domain":[0.0,1.0],"autorange":"reversed","constrain":"domain"},"coloraxis":{"colorbar":{"title":{"text":"Productivity"}},"colorscale":[[0.0,"#0d0887"],[0.1111111111111111,"#46039f"],[0.2222222222222222,"#7201a8"],[0.3333333333333333,"#9c179e"],[0.4444444444444444,"#bd3786"],[0.5555555555555556,"#d8576b"],[0.6666666666666666,"#ed7953"],[0.7777777777777778,"#fb9f3a"],[0.8888888888888888,"#fdca26"],[1.0,"#f0f921"]]},"margin":{"t":60}},                        {"responsive": true}                    )                };                            </script>        </div>